#sl_no Z X M L T_eff T_inner N_total N_outer
1 0.013 0.71847 0.38125 289.375 5212.5 1d4 200 60
2 0.00834 0.73032 0.52627 241.35742 6028.71094 1d4 200 60
3 0.00424 0.74073 0.9488 752.45361 5248.38867 1d4 200 60
4 0.013 0.71847 0.38125 289.375 5212.5 5d4 200 60
5 0.00834 0.73032 0.52627 241.35742 6028.71094 5d4 200 60
6 0.00424 0.74073 0.9488 752.45361 5248.38867 5d4 200 60
7 0.013 0.71847 0.38125 289.375 5212.5 1d5 200 60
8 0.00834 0.73032 0.52627 241.35742 6028.71094 1d5 200 60
9 0.00424 0.74073 0.9488 752.45361 5248.38867 1d5 200 60
10 0.013 0.71847 0.38125 289.375 5212.5 5d5 200 60
11 0.00834 0.73032 0.52627 241.35742 6028.71094 5d5 200 60
12 0.00424 0.74073 0.9488 752.45361 5248.38867 5d5 200 60
13 0.013 0.71847 0.38125 289.375 5212.5 1d6 200 60
14 0.00834 0.73032 0.52627 241.35742 6028.71094 1d6 200 60
15 0.00424 0.74073 0.9488 752.45361 5248.38867 1d6 200 60
16 0.013 0.71847 0.38125 289.375 5212.5 1.5d6 200 60
17 0.00834 0.73032 0.52627 241.35742 6028.71094 1.5d6 200 60
18 0.00424 0.74073 0.9488 752.45361 5248.38867 1.5d6 200 60
19 0.013 0.71847 0.38125 289.375 5212.5 2d6 200 60
20 0.00834 0.73032 0.52627 241.35742 6028.71094 2d6 200 60
21 0.00424 0.74073 0.9488 752.45361 5248.38867 2d6 200 60
22 0.013 0.71847 0.38125 289.375 5212.5 2.5d6 200 60
23 0.00834 0.73032 0.52627 241.35742 6028.71094 2.5d6 200 60
24 0.00424 0.74073 0.9488 752.45361 5248.38867 2.5d6 200 60
25 0.013 0.71847 0.38125 289.375 5212.5 3d6 200 60
26 0.00834 0.73032 0.52627 241.35742 6028.71094 3d6 200 60
27 0.00424 0.74073 0.9488 752.45361 5248.38867 3d6 200 60
28 0.013 0.71847 0.38125 289.375 5212.5 3.5d6 200 60
29 0.00834 0.73032 0.52627 241.35742 6028.71094 3.5d6 200 60
30 0.00424 0.74073 0.9488 752.45361 5248.38867 3.5d6 200 60
31 0.013 0.71847 0.38125 289.375 5212.5 4d6 200 60
32 0.00834 0.73032 0.52627 241.35742 6028.71094 4d6 200 60
33 0.00424 0.74073 0.9488 752.45361 5248.38867 4d6 200 60
34 0.013 0.71847 0.38125 289.375 5212.5 2d6 150 40
35 0.00834 0.73032 0.52627 241.35742 6028.71094 2d6 150 40
36 0.00424 0.74073 0.9488 752.45361 5248.38867 2d6 150 40
37 0.013 0.71847 0.38125 289.375 5212.5 2d6 175 47
38 0.00834 0.73032 0.52627 241.35742 6028.71094 2d6 175 47
39 0.00424 0.74073 0.9488 752.45361 5248.38867 2d6 175 47
40 0.013 0.71847 0.38125 289.375 5212.5 2d6 200 53
41 0.00834 0.73032 0.52627 241.35742 6028.71094 2d6 200 53
42 0.00424 0.74073 0.9488 752.45361 5248.38867 2d6 200 53
43 0.013 0.71847 0.38125 289.375 5212.5 2d6 225 60
44 0.00834 0.73032 0.52627 241.35742 6028.71094 2d6 225 60
45 0.00424 0.74073 0.9488 752.45361 5248.38867 2d6 225 60
46 0.013 0.71847 0.38125 289.375 5212.5 2d6 250 67
47 0.00834 0.73032 0.52627 241.35742 6028.71094 2d6 250 67
48 0.00424 0.74073 0.9488 752.45361 5248.38867 2d6 250 67
49 0.013 0.71847 0.38125 289.375 5212.5 2d6 275 73
50 0.00834 0.73032 0.52627 241.35742 6028.71094 2d6 275 73
51 0.00424 0.74073 0.9488 752.45361 5248.38867 2d6 275 73
52 0.013 0.71847 0.38125 289.375 5212.5 2d6 300 80
53 0.00834 0.73032 0.52627 241.35742 6028.71094 2d6 300 80
54 0.00424 0.74073 0.9488 752.45361 5248.38867 2d6 300 80
55 0.013 0.71847 0.38125 289.375 5212.5 2d6 325 87
56 0.00834 0.73032 0.52627 241.35742 6028.71094 2d6 325 87
57 0.00424 0.74073 0.9488 752.45361 5248.38867 2d6 325 87
58 0.013 0.71847 0.38125 289.375 5212.5 2d6 350 93
59 0.00834 0.73032 0.52627 241.35742 6028.71094 2d6 350 93
60 0.00424 0.74073 0.9488 752.45361 5248.38867 2d6 350 93
61 0.013 0.71847 0.38125 289.375 5212.5 2d6 375 100
62 0.00834 0.73032 0.52627 241.35742 6028.71094 2d6 375 100
63 0.00424 0.74073 0.9488 752.45361 5248.38867 2d6 375 100
64 0.013 0.71847 0.38125 289.375 5212.5 2d6 400 107
65 0.00834 0.73032 0.52627 241.35742 6028.71094 2d6 400 107
66 0.00424 0.74073 0.9488 752.45361 5248.38867 2d6 400 107
67 0.013 0.71847 0.38125 289.375 5212.5 2d6 150 10
68 0.00834 0.73032 0.52627 241.35742 6028.71094 2d6 150 10
69 0.00424 0.74073 0.9488 752.45361 5248.38867 2d6 150 10
70 0.013 0.71847 0.38125 289.375 5212.5 2d6 150 20
71 0.00834 0.73032 0.52627 241.35742 6028.71094 2d6 150 20
72 0.00424 0.74073 0.9488 752.45361 5248.38867 2d6 150 20
73 0.013 0.71847 0.38125 289.375 5212.5 2d6 150 30
74 0.00834 0.73032 0.52627 241.35742 6028.71094 2d6 150 30
75 0.00424 0.74073 0.9488 752.45361 5248.38867 2d6 150 30
76 0.013 0.71847 0.38125 289.375 5212.5 2d6 150 40
77 0.00834 0.73032 0.52627 241.35742 6028.71094 2d6 150 40
78 0.00424 0.74073 0.9488 752.45361 5248.38867 2d6 150 40
79 0.013 0.71847 0.38125 289.375 5212.5 2d6 150 50
80 0.00834 0.73032 0.52627 241.35742 6028.71094 2d6 150 50
81 0.00424 0.74073 0.9488 752.45361 5248.38867 2d6 150 50
82 0.013 0.71847 0.38125 289.375 5212.5 2d6 150 60
83 0.00834 0.73032 0.52627 241.35742 6028.71094 2d6 150 60
84 0.00424 0.74073 0.9488 752.45361 5248.38867 2d6 150 60
85 0.013 0.71847 0.38125 289.375 5212.5 2d6 150 75
86 0.00834 0.73032 0.52627 241.35742 6028.71094 2d6 150 75
87 0.00424 0.74073 0.9488 752.45361 5248.38867 2d6 150 75
88 0.013 0.71847 0.38125 289.375 5212.5 2d6 150 113
89 0.00834 0.73032 0.52627 241.35742 6028.71094 2d6 150 113
90 0.00424 0.74073 0.9488 752.45361 5248.38867 2d6 150 113
91 0.013 0.71847 0.38125 289.375 5212.5 2d6 300 20
92 0.00834 0.73032 0.52627 241.35742 6028.71094 2d6 300 20
93 0.00424 0.74073 0.9488 752.45361 5248.38867 2d6 300 20
94 0.013 0.71847 0.38125 289.375 5212.5 2d6 300 40
95 0.00834 0.73032 0.52627 241.35742 6028.71094 2d6 300 40
96 0.00424 0.74073 0.9488 752.45361 5248.38867 2d6 300 40
97 0.013 0.71847 0.38125 289.375 5212.5 2d6 300 60
98 0.00834 0.73032 0.52627 241.35742 6028.71094 2d6 300 60
99 0.00424 0.74073 0.9488 752.45361 5248.38867 2d6 300 60
100 0.013 0.71847 0.38125 289.375 5212.5 2d6 300 80
101 0.00834 0.73032 0.52627 241.35742 6028.71094 2d6 300 80
102 0.00424 0.74073 0.9488 752.45361 5248.38867 2d6 300 80
103 0.013 0.71847 0.38125 289.375 5212.5 2d6 300 100
104 0.00834 0.73032 0.52627 241.35742 6028.71094 2d6 300 100
105 0.00424 0.74073 0.9488 752.45361 5248.38867 2d6 300 100
106 0.013 0.71847 0.38125 289.375 5212.5 2d6 300 120
107 0.00834 0.73032 0.52627 241.35742 6028.71094 2d6 300 120
108 0.00424 0.74073 0.9488 752.45361 5248.38867 2d6 300 120
109 0.013 0.71847 0.38125 289.375 5212.5 2d6 300 150
110 0.00834 0.73032 0.52627 241.35742 6028.71094 2d6 300 150
111 0.00424 0.74073 0.9488 752.45361 5248.38867 2d6 300 150
112 0.013 0.71847 0.38125 289.375 5212.5 2d6 300 225
113 0.00834 0.73032 0.52627 241.35742 6028.71094 2d6 300 225
114 0.00424 0.74073 0.9488 752.45361 5248.38867 2d6 300 225
